100
2 1
100 20
200 10
2 2
100 20
200 10
3 2
100 10
100 10
100 10
4 2
9 3
7 1
10 1
8 4
5 1
521704 109899
393291 145782
181481 315927
85620 669642
165538 346354
2 1
430113 203174
121235 973050
4 2
3110 308033
3836 398679
17710 55
3103 362300
3 2
20424 279279
17732 321678
626262 9108
2 1
837002 414712
333647 157824
7 4
298050 22
273977 13
20430 2466
22546 2555
27823 2865
29848 2031
27455 2422
7 2
233401 65
21509 2496
21850 2256
21067 2223
228391 35
22793 2074
28748 2518
8 5
250754 143867
47873 753561
190216 189654
222264 162308
47249 763513
601946 59931
154947 232823
57242 630223
6 3
538418 147300
401075 197741
468527 169273
220837 359129
155915 508668
360145 220214
8 5
6786 544236
4092 902538
186732 19778
46284 79794
22572 163618
8316 444106
6264 589589
27144 136059
9 5
18278 942732
269352 63973
181374 95004
575757 29928
27144 634809
17458 987012
363636 47386
148694 115884
74347 231768
3 1
26653 402333
541667 19797
19124 560729
2 1
3698 370557
11425 82
3 1
3231 350365
18005 73
3120 363562
5 2
379387 140308
220823 944179
99938 870974
73003 417529
456418 622911
6 3
3165 320435
3203 369892
3155 374014
13797 76
15985 96
3767 339224
10 6
206271 151032
190404 163618
242606 128412
91676 339822
198276 157122
115661 269352
370968 83979
609336 51127
680862 45756
327236 95202
6 2
268623 74
299719 30
25406 2799
29293 2022
24314 2917
25047 2136
9 2
64548 390222
387824 994314
390680 31063
585837 110698
998722 31600
378962 362518
715362 491355
449478 75032
883990 884770
3 1
730094 594496
34100 728587
451423 581924
5 2
27994 2339
250997 24
28619 2495
217251 19
22502 2451
8 5
148694 20196
18018 166668
71896 41769
209066 14364
9288 323323
586872 5117
41769 71896
684684 4386
2 1
18363 80
3620 349985
6 4
801864 17391
887778 15708
567987 24552
735042 18972
87978 158508
335916 41514
10 10
1000000 1000000
1000000 1000000
1000000 1000000
1000000 1000000
1000000 1000000
1000000 1000000
1000000 1000000
1000000 1000000
1000000 1000000
1000000 1000000
5 2
305091 172543
890716 59100
255590 205960
69519 757222
158168 332819
3 1
27913 2148
240950 46
29868 2168
9 2
239655 774125
116145 694554
625792 27829
863332 544259
702365 191608
370392 256789
579276 771846
728833 803590
693101 966968
2 1
283746 89
26997 2056
8 4
359654 971983
342878 502877
412531 561644
562477 570713
296878 235480
198112 714955
271543 165767
783083 357119
7 4
183396 88578
82824 196137
796824 20387
17612 922374
55944 290377
81548 199206
44268 366966
10 7
509399 846137
310657 529571
513025 816074
369725 343765
69308 968047
70710 325574
472314 825027
529080 312341
2823 870079
332489 654840
10 5
618438 105290
314289 207183
235467 276537
415017 156898
346596 187871
568678 114503
287570 226433
289904 224610
79533 818721
83537 779479
3 1
3227 367201
3101 333751
10319 56
6 3
3906 368547
13177 11
13303 52
3202 346619
3925 399798
3559 380051
9 4
317103 273863
125129 694026
296133 293256
500731 173432
412353 210603
102158 850083
185506 468140
151150 574547
390814 222210
2 1
242197 280336
269873 251587
4 1
60393 395473
184182 129675
105681 225999
849232 28124
10 5
180514 208013
78916 475813
224172 167502
612769 61278
98818 379984
53916 696440
147181 255123
117344 319993
48025 781869
332624 112888
8 3
893386 46573
431187 660382
140671 562114
366323 231898
229182 219539
902326 633792
953900 820712
211680 342692
8 4
26357 2902
27479 2764
22049 2938
21792 2598
29578 2404
264176 9
292921 5
29616 2866
3 2
51578 942732
63597 764568
89913 540792
3 1
28239 2194
246543 15
23890 2856
5 2
219532 90
29045 2726
25946 2609
28348 2393
236580 20
9 5
75768 299367
69223 327672
123876 183106
97867 231768
27962 811188
31857 712008
286713 79112
299367 75768
450549 50344
5 1
3232 331830
19840 31
3986 358643
15219 68
3069 395039
5 3
492843 70120
703746 49106
325532 106159
229694 150453
865165 39944
9 6
248100 185690
343492 281310
193885 642162
35112 384691
148120 523260
78135 411397
374781 334304
405531 49857
36482 409238
2 1
200772 12
29387 2404
4 1
96895 575294
926073 60193
802810 69435
386560 144203
3 2
3209 393457
3590 339071
16883 12
10 7
74518 598538
588105 349530
476413 494199
851024 725199
68288 773742
592333 799838
60254 627313
946874 732966
980754 914541
831815 546283
4 3
30702 984492
952476 31734
54694 552636
178227 169592
7 1
3279 300745
3619 371779
15897 57
3106 316493
15842 38
3189 370421
3459 347264
6 4
3649 300366
13759 8
3126 348458
3316 385222
3819 374507
10518 63
1 1
1 1
8 4
80400 607387
412888 118274
63005 775080
105507 462850
50636 964411
64871 752785
327817 148967
65429 746365
8 5
405076 17226
45288 154077
985014 7084
36482 191268
197064 35409
20757 336168
202538 34452
247863 28152
9 3
366908 161085
587751 84956
872166 217258
895090 325062
704631 354606
48136 191188
256412 420762
131213 976093
1185 847131
6 4
155961 158424
825084 29946
251937 98072
213528 115713
231426 106764
640584 38571
9 4
3020 338533
15794 93
15757 88
3339 358941
3790 366598
3492 331464
3439 370987
3121 388339
3616 316504
5 3
63336 227943
138852 103974
48546 297388
437697 32984
461187 31304
5 1
3493 336591
3233 306656
18943 59
3468 375537
18216 25
5 3
102938 402315
111822 370352
118253 350211
675400 61317
656253 63106
6 1
191091 532228
939705 906239
848562 599496
394503 582697
634874 450167
953812 166943
4 2
580132 748969
619186 868844
32985 970316
923346 910255
4 3
896954 9828
166842 52836
778596 11322
27404 321678
9 3
26665 2309
255154 85
259907 59
27297 2585
29548 2918
22302 2929
20632 2718
26606 2298
25692 2670
8 3
3252 303539
3190 319317
3795 394713
3214 399427
17047 77
3446 387900
3118 361813
19893 33
10 6
671832 77367
391386 132804
456617 113832
158508 327918
254856 203949
195693 265608
155992 333207
180523 287928
928404 55986
117096 443889
6 1
20831 2966
226194 61
25997 2192
26439 2973
245404 56
22000 2209
5 3
69069 126936
280071 31304
10332 848562
20746 422604
18447 475272
6 3
798334 258428
675960 688683
610667 365443
880601 623998
413649 579970
375183 648970
5 3
131407 407494
167724 319260
55691 961512
251586 212840
392241 136517
5 3
23202 2519
237419 68
25056 2063
21989 2685
240215 29
9 6
843868 667924
34908 31343
253157 444991
871293 109399
981625 139796
170463 767080
109729 258603
935236 376961
759171 873827
2 1
28445 2553
255040 71
7 5
3828 367618
3374 365236
3421 364591
19352 80
19944 46
3929 305948
3317 360154
2 1
843155 581484
3133 439930
7 4
160146 104052
479167 34776
19251 865592
19803 841464
110331 151032
233864 71253
539028 30914
2 1
17627 40
3716 364004
3 1
22554 2716
293307 81
21822 2600
2 1
57853 329048
897563 21209
8 5
964319 100466
127699 758669
548806 176531
914164 105978
179206 540614
214160 452378
185527 522195
319813 302931
7 4
42408 574287
30856 789291
813276 29946
284487 85608
49938 487692
406638 59892
256824 94829
2 1
133424 683348
485597 546993
6 4
6003 984984
22632 261261
621621 9512
24882 237636
25461 232232
49036 120582
3 2
30078 823426
254177 97440
36155 685023
4 1
98368 732801
162675 914720
706969 29219
287610 554281
3 2
257429 32
25825 2800
23038 2486
3 2
3695 321333
14418 6
3413 303029
2 1
257409 77
28396 2233
10 7
3923 305388
3668 343669
3222 343753
3800 349927
3002 334355
3630 335152
19019 6
18753 90
3725 335864
18303 93
5 2
295184 58
25198 2867
20660 2113
264660 15
25422 2609
9 5
3997 302118
14881 48
3510 384687
3562 328372
14050 38
3018 303463
3918 309010
3265 318357
3576 345502
6 4
43198 919576
641007 61971
55863 711094
49519 802194
59422 668504
69759 569444
